
  Inlet Conditions 
  J     Xm       Rm     Pt/Pt0    Tt/Tt0   Ps/Pt0   Ts/Tt0    Mabs     Mrel    Alfa     Beta      Phi     Vx/U     Mfrac
  1    1.304    0.773    8.828    1.915    6.064    1.728    0.757    0.757   49.789   49.789    2.002    0.000    0.033
  2    1.303    0.776    8.628    1.903    6.074    1.729    0.730    0.730   49.186   49.186    1.845    0.000    0.068
  3    1.302    0.780    8.409    1.890    6.082    1.730    0.700    0.700   49.066   49.066    1.614    0.000    0.105
  4    1.301    0.784    8.181    1.876    6.093    1.731    0.666    0.666   49.534   49.534    1.298    0.000    0.143
  5    1.301    0.788    7.985    1.863    6.106    1.732    0.634    0.634   50.420   50.420    0.910    0.000    0.183
  6    1.300    0.793    7.848    1.855    6.120    1.733    0.610    0.610   51.504   51.504    0.482    0.000    0.224
  7    1.300    0.799    7.748    1.848    6.135    1.734    0.590    0.590   52.824   52.824    0.043    0.000    0.267
  8    1.300    0.805    7.674    1.843    6.150    1.735    0.574    0.574   53.753   53.753   -0.382    0.000    0.311
  9    1.300    0.811    7.603    1.838    6.164    1.736    0.558    0.558   54.406   54.406   -0.767    0.000    0.357
 10    1.300    0.818    7.555    1.835    6.176    1.737    0.547    0.547   54.805   54.805   -1.380    0.000    0.405
 11    1.299    0.825    7.539    1.834    6.188    1.738    0.541    0.541   54.911   54.911   -1.748    0.000    0.454
 12    1.299    0.832    7.540    1.834    6.199    1.739    0.539    0.539   54.597   54.597   -2.066    0.000    0.505
 13    1.299    0.840    7.553    1.835    6.208    1.740    0.539    0.539   53.827   53.827   -2.349    0.000    0.558
 14    1.299    0.847    7.578    1.837    6.215    1.740    0.542    0.542   52.724   52.724   -2.620    0.000    0.614
 15    1.299    0.854    7.619    1.840    6.220    1.740    0.549    0.549   51.338   51.338   -2.904    0.000    0.671
 16    1.299    0.862    7.690    1.844    6.224    1.741    0.561    0.561   49.612   49.612   -3.220    0.000    0.731
 17    1.298    0.869    7.836    1.854    6.225    1.741    0.586    0.586   47.187   47.187   -3.564    0.000    0.793
 18    1.299    0.875    8.111    1.872    6.225    1.741    0.630    0.630   44.203   44.203   -3.896    0.000    0.858
 19    1.299    0.881    8.579    1.901    6.225    1.741    0.697    0.697   41.129   41.129   -4.165    0.000    0.927
 20    1.300    0.886    9.213    1.938    6.227    1.741    0.774    0.774   38.904   38.904   -4.331    0.000    1.000

  Exit Conditions 
  J     Xm       Rm     Pt/Pt0    Tt/Tt0   Ps/Pt0   Ts/Tt0    Mabs     Mrel    Alfa     Beta      Phi     Vx/U     Mfrac
  1    1.354    0.774    8.727    1.915    7.027    1.805    0.569    0.569   21.581   21.581    1.906    0.000    0.033
  2    1.355    0.777    8.530    1.903    7.021    1.804    0.539    0.539   20.841   20.841    1.759    0.000    0.068
  3    1.356    0.780    8.312    1.890    7.014    1.804    0.502    0.502   20.573   20.573    1.587    0.000    0.105
  4    1.356    0.783    8.088    1.876    7.007    1.803    0.461    0.461   20.863   20.863    1.369    0.000    0.143
  5    1.357    0.788    7.894    1.863    7.000    1.803    0.421    0.421   21.514   21.514    1.087    0.000    0.183
  6    1.357    0.792    7.758    1.855    6.992    1.802    0.391    0.391   22.123   22.123    0.735    0.000    0.224
  7    1.357    0.797    7.659    1.848    6.984    1.802    0.368    0.368   22.795   22.795    0.321    0.000    0.267
  8    1.357    0.803    7.585    1.843    6.977    1.801    0.350    0.350   23.503   23.503   -0.147    0.000    0.311
  9    1.357    0.809    7.516    1.838    6.970    1.801    0.332    0.332   24.547   24.547   -0.672    0.000    0.357
 10    1.357    0.815    7.467    1.835    6.964    1.800    0.319    0.319   25.413   25.413   -1.264    0.000    0.405
 11    1.357    0.822    7.452    1.834    6.960    1.800    0.316    0.316   25.550   25.550   -1.895    0.000    0.454
 12    1.357    0.829    7.453    1.834    6.957    1.800    0.318    0.318   25.236   25.236   -2.539    0.000    0.505
 13    1.357    0.837    7.466    1.835    6.955    1.800    0.322    0.322   24.630   24.630   -3.189    0.000    0.558
 14    1.357    0.844    7.491    1.837    6.956    1.800    0.329    0.329   23.772   23.772   -3.845    0.000    0.614
 15    1.357    0.851    7.532    1.840    6.958    1.800    0.341    0.341   22.719   22.719   -4.505    0.000    0.671
 16    1.357    0.858    7.602    1.844    6.963    1.800    0.359    0.359   21.469   21.469   -5.151    0.000    0.731
 17    1.357    0.865    7.747    1.854    6.965    1.801    0.396    0.396   19.730   19.730   -5.819    0.000    0.793
 18    1.357    0.871    8.020    1.872    6.976    1.801    0.454    0.454   18.048   18.048   -6.239    0.000    0.858
 19    1.357    0.877    8.483    1.901    6.990    1.802    0.537    0.537   16.529   16.529   -6.533    0.000    0.927
 20    1.356    0.882    9.110    1.938    7.009    1.804    0.628    0.628   15.854   15.854   -6.722    0.000    1.000

  Blade Row Performance 
  J      Rm       PR       TR       Ef     dH/U^2    AVDR     DFac   Rec(e6)  PtLoss  Stage Rxn
  1    0.773    0.989    1.000    0.000    0.000    1.275    0.404    1.161    0.034    0.579
  2    0.776    0.989    1.000  *******    0.000    1.240    0.417    1.159    0.036    0.584
  3    0.780    0.989    1.000  *******    0.000    1.206    0.437    1.147    0.038    0.589
  4    0.784    0.989    1.000    0.000    0.000    1.170    0.463    1.125    0.042    0.595
  5    0.788    0.989    1.000    0.000    0.000    1.137    0.493    1.102    0.045    0.602
  6    0.793    0.989    1.000    0.000    0.000    1.116    0.518    1.084    0.048    0.609
  7    0.798    0.988    1.000    0.000    0.000    1.108    0.539    1.070    0.051    0.617
  8    0.804    0.988    1.000  *******    0.000    1.096    0.554    1.058    0.054    0.625
  9    0.810    0.988    1.000  *******    0.000    1.073    0.569    1.046    0.056    0.632
 10    0.817    0.988    1.000  *******    0.000    1.066    0.580    1.037    0.058    0.639
 11    0.824    0.988    1.000    0.000    0.000    1.062    0.581    1.031    0.059    0.646
 12    0.831    0.988    1.000    0.000    0.000    1.061    0.577    1.026    0.060    0.652
 13    0.838    0.988    1.000  *******    0.000    1.058    0.570    1.022    0.060    0.657
 14    0.846    0.989    1.000  *******    0.000    1.056    0.560    1.019    0.059    0.662
 15    0.853    0.989    1.000  *******    0.000    1.055    0.548    1.018    0.058    0.666
 16    0.860    0.989    1.000    0.000    0.000    1.060    0.528    1.026    0.056    0.668
 17    0.867    0.989    1.000  *******    0.000    1.058    0.490    1.050    0.052    0.671
 18    0.873    0.989    1.000    0.000    0.000    1.083    0.438    1.098    0.046    0.671
 19    0.879    0.989    1.000    0.000    0.000    1.111    0.381    1.173    0.039    0.670
 20    0.884    0.989    1.000  *******    0.000    1.130    0.335    1.245    0.033    0.667

 Mass Averaged Performance
 PR           =   0.98857385608965453     
 TR           =    1.0000000000000004     
 Loss Coeff.  =   4.93649206271846025E-002

  Blade row geometry 
  J     Xm      Rm      Chord   Solidity  Stagger
  1    1.329    0.773    0.062    1.394   35.685
  2    1.329    0.776    0.064    1.434   35.014
  3    1.329    0.780    0.066    1.472   34.820
  4    1.329    0.784    0.068    1.508   35.199
  5    1.329    0.788    0.069    1.541   35.967
  6    1.329    0.793    0.071    1.564   36.814
  7    1.329    0.798    0.072    1.584   37.810
  8    1.329    0.804    0.073    1.596   38.628
  9    1.328    0.810    0.074    1.608   39.476
 10    1.328    0.817    0.075    1.612   40.109
 11    1.328    0.824    0.075    1.603   40.230
 12    1.328    0.831    0.075    1.587   39.917
 13    1.328    0.838    0.075    1.564   39.229
 14    1.328    0.846    0.074    1.535   38.248
 15    1.328    0.853    0.073    1.502   37.029
 16    1.328    0.860    0.072    1.469   35.541
 17    1.328    0.867    0.071    1.427   33.459
 18    1.328    0.873    0.069    1.378   31.126
 19    1.328    0.879    0.066    1.322   28.829
 20    1.328    0.884    0.063    1.256   27.379

 Omega            =    0.0000000000000000     
 TipClear/Radius  =    0.0000000000000000     
 HubClear/Radius  =   1.50000000000000003E-003

 AR               =    1.5740154567540565     
 ARx              =    1.9538237070536630     
 Avg. Chord       =   7.03841203883899258E-002
 Avg. Axial Chord =   5.67019905641472852E-002
 Avg. Span        =   0.11078569340136407     
 Avg. Solidity    =    1.4958161566386912     
 Blade Count      =          110

 Hub Xle,Rle      =    1.3039982371688490       0.76823260244035485     
 Hub Xte,Rte      =    1.3539689969658111       0.77057824098224281     
 Tip Xle,Rle      =    1.3017104949313365       0.89140524488322004     
 Tip Xte,Rte      =    1.3544341521395449       0.88707863487888894     


